=== Cosine 距離 (1 - cosine相似度，0=相同，越大越不相似) ===
                  劣化訓練      一般訓練  self-pla   多智能體競技場      LoRA  checkpoi       博弈論     MCCFR  MCT 蒙地卡羅  顯卡驅動 TDR  valid_ra  訓練目標 obj
劣化訓練             0.000     0.089     0.169     0.162     0.231     0.186     0.185     0.221     0.174     0.166     0.189     0.118
一般訓練             0.089     0.000     0.167     0.162     0.218     0.189     0.183     0.209     0.166     0.179     0.201     0.102
self-pla         0.169     0.167     0.000     0.124     0.197     0.163     0.098     0.200     0.124     0.136     0.150     0.165
多智能體競技場          0.162     0.162     0.124     0.000     0.217     0.188     0.162     0.214     0.147     0.172     0.176     0.173
LoRA             0.231     0.218     0.197     0.217    -0.000     0.211     0.226     0.155     0.195     0.206     0.211     0.211
checkpoi         0.186     0.189     0.163     0.188     0.211     0.000     0.198     0.193     0.142     0.148     0.160     0.177
博弈論              0.185     0.183     0.098     0.162     0.226     0.198     0.000     0.219     0.161     0.186     0.172     0.187
MCCFR            0.221     0.209     0.200     0.214     0.155     0.193     0.219    -0.000     0.158     0.205     0.217     0.201
MCT 蒙地卡羅         0.174     0.166     0.124     0.147     0.195     0.142     0.161     0.158     0.000     0.123     0.169     0.150
顯卡驅動 TDR         0.166     0.179     0.136     0.172     0.206     0.148     0.186     0.205     0.123     0.000     0.165     0.170
valid_ra         0.189     0.201     0.150     0.176     0.211     0.160     0.172     0.217     0.169     0.165     0.000     0.191
訓練目標 obj         0.118     0.102     0.165     0.173     0.211     0.177     0.187     0.201     0.150     0.170     0.191    -0.000

=== 歐氏距離 (正規化向量上的幾何距離，0=相同，越大越不相似) ===
                  劣化訓練      一般訓練  self-pla   多智能體競技場      LoRA  checkpoi       博弈論     MCCFR  MCT 蒙地卡羅  顯卡驅動 TDR  valid_ra  訓練目標 obj
劣化訓練             0.000     0.422     0.581     0.569     0.679     0.610     0.609     0.664     0.590     0.577     0.615     0.486
一般訓練             0.422     0.000     0.578     0.569     0.660     0.615     0.606     0.646     0.576     0.599     0.633     0.452
self-pla         0.581     0.578     0.000     0.498     0.628     0.571     0.442     0.633     0.498     0.521     0.548     0.574
多智能體競技場          0.569     0.569     0.498     0.000     0.659     0.613     0.570     0.654     0.543     0.586     0.593     0.588
LoRA             0.679     0.660     0.628     0.659     0.000     0.649     0.673     0.556     0.624     0.641     0.650     0.649
checkpoi         0.610     0.615     0.571     0.613     0.649     0.000     0.629     0.622     0.533     0.544     0.566     0.595
博弈論              0.609     0.606     0.442     0.570     0.673     0.629     0.000     0.663     0.567     0.610     0.587     0.612
MCCFR            0.664     0.646     0.633     0.654     0.556     0.622     0.663     0.000     0.562     0.640     0.659     0.634
MCT 蒙地卡羅         0.590     0.576     0.498     0.543     0.624     0.533     0.567     0.562     0.000     0.496     0.582     0.548
顯卡驅動 TDR         0.577     0.599     0.521     0.586     0.641     0.544     0.610     0.640     0.496     0.000     0.575     0.583
valid_ra         0.615     0.633     0.548     0.593     0.650     0.566     0.587     0.659     0.582     0.575     0.000     0.618
訓練目標 obj         0.486     0.452     0.574     0.588     0.649     0.595     0.612     0.634     0.548     0.583     0.618     0.000

