=== Cosine 距離 - 平均值：平均值 = 0.1754（不含對角線） ===
每格 = 該值 - 平均值。正值=比平均遠(更不相似)，負值=比平均近(更相似)
                  劣化訓練      一般訓練  self-pla   多智能體競技場      LoRA  checkpoi       博弈論     MCCFR  MCT 蒙地卡羅  顯卡驅動 TDR  valid_ra  訓練目標 obj
劣化訓練            -0.175    -0.086    -0.007    -0.014    +0.055    +0.010    +0.010    +0.045    -0.001    -0.009    +0.014    -0.057
一般訓練            -0.086    -0.175    -0.008    -0.013    +0.042    +0.014    +0.008    +0.033    -0.010    +0.004    +0.025    -0.073
self-pla        -0.007    -0.008    -0.175    -0.051    +0.022    -0.012    -0.078    +0.025    -0.052    -0.039    -0.025    -0.011
多智能體競技場         -0.014    -0.013    -0.051    -0.175    +0.042    +0.013    -0.013    +0.038    -0.028    -0.004    +0.000    -0.002
LoRA            +0.055    +0.042    +0.022    +0.042    -0.175    +0.035    +0.051    -0.021    +0.019    +0.030    +0.036    +0.035
checkpoi        +0.010    +0.014    -0.012    +0.013    +0.035    -0.175    +0.022    +0.018    -0.034    -0.027    -0.015    +0.002
博弈論             +0.010    +0.008    -0.078    -0.013    +0.051    +0.022    -0.175    +0.044    -0.015    +0.011    -0.003    +0.012
MCCFR           +0.045    +0.033    +0.025    +0.038    -0.021    +0.018    +0.044    -0.175    -0.018    +0.029    +0.042    +0.025
MCT 蒙地卡羅        -0.001    -0.010    -0.052    -0.028    +0.019    -0.034    -0.015    -0.018    -0.175    -0.053    -0.006    -0.025
顯卡驅動 TDR        -0.009    +0.004    -0.039    -0.004    +0.030    -0.027    +0.011    +0.029    -0.053    -0.175    -0.010    -0.006
valid_ra        +0.014    +0.025    -0.025    +0.000    +0.036    -0.015    -0.003    +0.042    -0.006    -0.010    -0.175    +0.016
訓練目標 obj        -0.057    -0.073    -0.011    -0.002    +0.035    +0.002    +0.012    +0.025    -0.025    -0.006    +0.016    -0.175

=== 歐氏距離 - 平均值：平均值 = 0.5897（不含對角線） ===
每格 = 該值 - 平均值。正值=比平均遠(更不相似)，負值=比平均近(更相似)
                  劣化訓練      一般訓練  self-pla   多智能體競技場      LoRA  checkpoi       博弈論     MCCFR  MCT 蒙地卡羅  顯卡驅動 TDR  valid_ra  訓練目標 obj
劣化訓練            -0.590    -0.167    -0.009    -0.021    +0.090    +0.020    +0.019    +0.075    +0.000    -0.013    +0.026    -0.104
一般訓練            -0.167    -0.590    -0.012    -0.020    +0.070    +0.026    +0.016    +0.056    -0.014    +0.009    +0.044    -0.138
self-pla        -0.009    -0.012    -0.590    -0.092    +0.039    -0.019    -0.148    +0.043    -0.092    -0.068    -0.042    -0.016
多智能體競技場         -0.021    -0.020    -0.092    -0.590    +0.069    +0.024    -0.020    +0.064    -0.047    -0.004    +0.003    -0.001
LoRA            +0.090    +0.070    +0.039    +0.069    -0.590    +0.059    +0.083    -0.033    +0.034    +0.052    +0.060    +0.060
checkpoi        +0.020    +0.026    -0.019    +0.024    +0.059    -0.590    +0.039    +0.032    -0.057    -0.046    -0.023    +0.005
博弈論             +0.019    +0.016    -0.148    -0.020    +0.083    +0.039    -0.590    +0.073    -0.022    +0.020    -0.003    +0.022
MCCFR           +0.075    +0.056    +0.043    +0.064    -0.033    +0.032    +0.073    -0.590    -0.028    +0.050    +0.069    +0.044
MCT 蒙地卡羅        +0.000    -0.014    -0.092    -0.047    +0.034    -0.057    -0.022    -0.028    -0.590    -0.094    -0.008    -0.042
顯卡驅動 TDR        -0.013    +0.009    -0.068    -0.004    +0.052    -0.046    +0.020    +0.050    -0.094    -0.590    -0.015    -0.007
valid_ra        +0.026    +0.044    -0.042    +0.003    +0.060    -0.023    -0.003    +0.069    -0.008    -0.015    -0.590    +0.028
訓練目標 obj        -0.104    -0.138    -0.016    -0.001    +0.060    +0.005    +0.022    +0.044    -0.042    -0.007    +0.028    -0.590

